4294967294,26
4294967294,1039
4294967294,1038
4294967294,1023
4294967294,83
4294967279,423
4294967278,497
297,7
297,5
297,13
4294967279,164
4294967279,376
4294967279,260
4294967294,1160
4294967279,350
4294967278,329
4294967279,341
293,2
293,6
4294967279,335
4294967278,260
4294967278,275
278,4
290,4
293,4
282,4
277,4
272,4
4294967278,491
4294967294,1162
4294967279,309
0,5
4294967294,1164
4294967278,167
4294967278,165
4294967278,163
4294967278,162
4294967278,314
4294967279,324
4294967278,160
4294967279,152
4294967278,288
368,5
4294967279,151
368,4
4294967294,7
4294967278,159
368,3
368,2
368,1
4294967278,157
4294967279,235
4294967294,6
4294967278,287
4294967278,143
4294967278,460
4294967278,276
297,8
4294967278,456
4294967278,474
4294967279,270
288,6
4294967278,158
4294967278,155
4294967279,444
4294967278,150
4294967279,271
367,5
4294967279,144
367,4
4294967278,148
367,3
367,2
367,1
4294967278,146
4294967278,485
4294967278,346
4294967294,127
4294967294,126
4294967278,290
297,11
4294967278,321
4294967278,320
4294967278,0
4294967278,326
4294967279,345
4294967278,325
4294967279,278
4294967278,322
4294967278,468
4294967278,467
4294967278,364
4294967279,386
4294967294,425
4294967294,18
3,5
13,4
6,4
7,4
4294967294,25
4294967294,12
4294967294,471
4294967294,470
4294967294,1019
4294967294,1153
4294967294,81
4294967294,1035
4294967279,400
4294967279,399
4294967278,367
4294967279,239
366,5
366,4
4294967278,253
366,3
366,2
366,1
4294967279,255
4294967278,251
4294967278,461
4294967294,9
287,4
285,5
283,4
273,4
297,10
297,1
297,2
297,6
0,7
4294967279,227
4294967279,436
4294967279,430
4294967279,418
297,4
285,4
286,4
275,4
295,4
292,4
291,4
4294967279,234
293,5
294,5
4294967279,365
4294967278,309
4294967278,336
4294967278,360
4294967278,359
4294967278,348
4294967278,480
4294967278,479
4294967278,454
4294967279,338
4294967279,356
4294967279,296
4294967279,394
4294967279,426
4294967279,439
4294967279,340
4294967279,346
4294967278,228
365,5
4294967279,213
365,4
365,3
365,2
365,1
4294967279,211
297,9
4294967279,204
296,4
4294967279,359
4294967278,203
4294967278,202
4294967279,337
4294967278,482
4294967279,358
4294967278,200
364,5
364,4
364,3
364,2
364,1
4294967278,338
4294967279,187
4294967278,496
4294967278,486
4294967278,196
4294967293,131
4294967293,130
4294967293,129
4294967293,128
4294967293,127
4294967293,126
4294967293,125
4294967293,124
4294967293,123
4294967293,122
4294967293,121
4294967293,120
4294967293,119
4294967293,118
4294967293,117
4294967293,116
4294967293,115
4294967293,114
4294967293,113
4294967293,112
4294967293,111
4294967293,110
4294967293,109
4294967293,108
4294967293,107
4294967293,106
4294967293,105
4294967293,104
4294967293,103
4294967293,102
4294967293,101
4294967293,100
4294967293,99
4294967293,98
4294967293,97
4294967293,96
4294967293,95
4294967293,94
4294967293,93
4294967293,92
4294967293,91
4294967293,90
4294967293,89
4294967293,87
4294967293,86
4294967293,85
4294967293,84
4294967293,83
4294967293,82
4294967293,81
4294967293,80
4294967293,79
4294967293,78
4294967293,77
4294967293,76
4294967293,75
4294967293,74
4294967293,73
4294967293,72
4294967293,71
4294967293,70
4294967293,69
4294967293,68
